			

1	26163001	----	

3	27577002	----	
4	27789002	----	




9	27788002	----	
10			

12	23101000		
13	29062000		
14	27927001		
15	32743000		
16	29041000		
17	31368000		
18	36270000		
19	23802000		
20	27787002		
21	31234001		
22	29040000		
23	32856000		
24	29039000		
25	27786002		
26	32819000		
27	29042000		
28	32861000		
29	20197000		
30	27924001		
31	27924001		
32	27794001		
33			
34	23091000		
35	26021000		
36	28436002		
37	26018000		
38	37063000		
39	23605000		
40	2780310E		
41	29063000		
42	32734000		
43	20474000		
44	32747000		
45	32822000		
46	31221000		
47	20289000		
48	27578002		
49	23093000		
50	20237000		
51	23603000		
52	29081000		
53	32742000		
54	32857000		
55	27929002		
56	27575002		
57	27609001		
58	20471000		
59	27608001		
60	39377LS0		
61	27644001		
62	23090000		
63	28214003		
64	23586LS0		
65	29079000		
66	27796001		
67	26161001		
68	20473001		
69	26164001		
70	23636000		
71			
72	26641000		
73	28286000		
74	128003		
75	26641000		
76	28286000		
77	27524000		
78	20292000		
79	27573002		
80	28636000		
81	26413000		
82	27475001		
83	36371000		
84	28405000		
85	27151000		
86	40374DA1		
87	20475000		
88	13139003		
89	26640000		
90	27594000		
91	28403000		

93	28620000		
94	20603SD0		
95	19796000		
96	28404000		
97	27273001		
98	26082002		
99	20286000		
100	27572002		
101	2338420E		
102	19998000		
103	13317001		
104	23741001		
105	42429000		
106	26329000		
107	28388000		

109	27272000		
110	26642000		
111	26333000		
112	28623000		
113	27849001		
114	26460000		
115	27467000		
116	26890000		
117	27597001		
118	3359230A		
119	23138AL0		
120	39374LS0		
121	23654000		
122	23656000		
123	27137000		
124	34565001		
125	34566001		
126	23058003		
127	19929000		
128	26085001		
129	28409001		
130	23658000		
131	46944001		
132	23303003		
133	39972000		
134	26450000		
135	39355SH0		
136	23310IG0		
137	28964001		
138	30215DC1		
139	13341IG0		
140	19929IG0		
141	23303003		
142	40966DL1		
143	19944IG0		
144	28155001		
145	26167000		
146	32043003		
147	28410001		
148	28626000		
149	23856DL1		
150	28025000		
151			
152			
153			